start=1367.034000
contrast=1
sub-scale=0.800000
