start=911.700000
volume=98.000000
