start=1373.415000
contrast=3
sub-scale=0.900000
